0: 0 1 1 0 
1: 0 1 0 1 
2: 0 1 0 1 
3: 0 0 1 1 
4: 1 1 0 0 
5: 0 0 1 1 
6: 0 1 0 0 
7: 1 0 1 1 
8: 0 1 1 0 
9: 1 1 0 1 
10: 0 0 0 1 
11: 1 0 1 0 
12: 1 1 0 0 
13: 0 1 0 1 
14: 0 1 0 1 
15: 1 0 0 1 


Adjacency Matrix: 

0 1 0 0 1 0 0 0 0 0 0 0 0 0 0 0 
1 0 1 0 0 0 0 0 0 0 0 0 0 0 0 0 
0 1 0 1 0 0 0 0 0 0 0 0 0 0 0 0 
0 0 1 0 0 0 0 1 0 0 0 0 0 0 0 0 
1 0 0 0 0 1 0 0 0 0 0 0 0 0 0 0 
0 0 0 0 1 0 0 0 0 1 0 0 0 0 0 0 
0 0 0 0 0 0 0 1 0 0 0 0 0 0 0 0 
0 0 0 1 0 0 1 0 0 0 0 1 0 0 0 0 
0 0 0 0 0 0 0 0 0 1 0 0 1 0 0 0 
0 0 0 0 0 1 0 0 1 0 1 0 0 0 0 0 
0 0 0 0 0 0 0 0 0 1 0 0 0 0 0 0 
0 0 0 0 0 0 0 1 0 0 0 0 0 0 0 1 
0 0 0 0 0 0 0 0 1 0 0 0 0 1 0 0 
0 0 0 0 0 0 0 0 0 0 0 0 1 0 1 0 
0 0 0 0 0 0 0 0 0 0 0 0 0 1 0 1 
0 0 0 0 0 0 0 0 0 0 0 1 0 0 1 0 


Solved Maze: 

O O O O 
X X X O 
X X X O 
X X X O 



All room numbers of the entry-exit path: 
0 1 2 3 7 11 15 


Path length: 7


